-- start_ignore
-- end_ignore
-- @description query01 for undefined precision numeric
SELECT * FROM pxf_parquet_read_undefined_precision_numeric ORDER BY description;
 description |                  value                   
-------------+------------------------------------------
 001         |                     0.000000000000000000
 002         |                     1.000000000000000000
 003         |                    -1.000000000000000000
 004         |                    10.000000000000000000
 005         |                   -10.000000000000000000
 006         |                   100.000000000000000000
 007         |                  -100.000000000000000000
 008         |                   127.000000000000000000
 009         |                   127.100000000000000000
 010         |                   127.000800000000000000
 011         |                   127.490000000000000000
 012         |                   127.500000000000000000
 013         |                   128.000000000000000000
 014         |                  -127.000000000000000000
 015         |                  -127.100000000000000000
 016         |                  -127.000800000000000000
 017         |                  -127.490000000000000000
 018         |                  -127.500000000000000000
 019         |                  -127.999999000000000000
 020         |                   128.000000000000000000
 021         |                   128.100000000000000000
 022         |                   128.000800000000000000
 023         |                   128.490000000000000000
 024         |                   128.500000000000000000
 025         |                   129.000000000000000000
 026         |                  -128.000000000000000000
 027         |                  -128.100000000000000000
 028         |                  -128.000800000000000000
 029         |                  -128.490000000000000000
 030         |                  -128.500000000000000000
 031         |                  -128.999000000000000000
 032         |                   129.000000000000000000
 033         |                   129.100000000000000000
 034         |                  -129.000000000000000000
 035         |                  -129.100000000000000000
 036         |                  1000.000000000000000000
 037         |                 -1000.000000000000000000
 038         |                 10000.000000000000000000
 039         |                -10000.000000000000000000
 040         |                 32767.000000000000000000
 041         |                 32767.100000000000000000
 042         |                 32767.000800000000000000
 043         |                 32767.490000000000000000
 044         |                 32767.500000000000000000
 045         |                 32767.999999999990000000
 046         |                -32767.000000000000000000
 047         |                -32767.100000000000000000
 048         |                -32767.000800000000000000
 049         |                -32767.490000000000000000
 050         |                -32767.500000000000000000
 051         |                -32767.900000000000000000
 052         |                 32768.000000000000000000
 053         |                 32768.100000000000000000
 054         |                 32768.000800000000000000
 055         |                 32768.490000000000000000
 056         |                 32768.500000000000000000
 057         |                 32768.999999999900000000
 058         |                -32768.000000000000000000
 059         |                -32768.100000000000000000
 060         |                -32768.000800000000000000
 061         |                -32768.490000000000000000
 062         |                -32768.500000000000000000
 063         |                -32768.999999900000000000
 064         |                 32769.000000000000000000
 065         |                 32769.100000000000000000
 066         |                -32769.000000000000000000
 067         |                -32769.100000000000000000
 068         |                100000.000000000000000000
 069         |               -100000.000000000000000000
 070         |               1000000.000000000000000000
 071         |              -1000000.000000000000000000
 072         |              10000000.000000000000000000
 073         |             -10000000.000000000000000000
 074         |             100000000.000000000000000000
 075         |              99999999.000000000000000000
 076         |             -99999999.000000000000000000
 077         |            -100000000.000000000000000000
 078         |            1000000000.000000000000000000
 079         |           -1000000000.000000000000000000
 080         |            2147483647.000000000000000000
 081         |            2147483647.100000000000000000
 082         |            2147483647.000800000000000000
 083         |            2147483647.490000000000000000
 084         |            2147483647.500000000000000000
 085         |            2147483647.999999999900000000
 086         |           -2147483647.000000000000000000
 087         |           -2147483647.100000000000000000
 088         |           -2147483647.000800000000000000
 089         |           -2147483647.490000000000000000
 090         |           -2147483647.500000000000000000
 091         |           -2147483648.000000000000000000
 092         |            2147483648.000000000000000000
 093         |            2147483648.100000000000000000
 094         |            2147483648.000800000000000000
 095         |            2147483648.490000000000000000
 096         |            2147483648.500000000000000000
 097         |            2147483648.900000000000000000
 098         |           -2147483648.000000000000000000
 099         |           -2147483648.100000000000000000
 100         |           -2147483648.000800000000000000
 101         |           -2147483648.490000000000000000
 102         |           -2147483648.500000000000000000
 103         |           -2147483648.999000000000000000
 104         |            2147483649.000000000000000000
 105         |            2147483649.100000000000000000
 106         |           -2147483649.000000000000000000
 107         |           -2147483649.100000000000000000
 108         |           10000000000.000000000000000000
 109         |          -10000000000.000000000000000000
 110         |          100000000000.000000000000000000
 111         |         -100000000000.000000000000000000
 112         |         1000000000000.000000000000000000
 113         |        -1000000000000.000000000000000000
 114         |        10000000000000.000000000000000000
 115         |       -10000000000000.000000000000000000
 116         |       100000000000000.000000000000000000
 117         |      -100000000000000.000000000000000000
 118         |       999999999999999.000000000000000000
 119         |      -999999999999999.000000000000000000
 120         |      1000000000000000.000000000000000000
 121         |     -1000000000000000.000000000000000000
 122         |      9999999999999999.000000000000000000
 123         |     -9999999999999999.000000000000000000
 124         |     10000000000000000.000000000000000000
 125         |    -10000000000000000.000000000000000000
 126         |    100000000000000000.000000000000000000
 127         |   -100000000000000000.000000000000000000
 128         |   1000000000000000000.000000000000000000
 129         |  -1000000000000000000.000000000000000000
 130         |   9223372036854775807.000000000000000000
 131         |   9223372036854775807.100000000000000000
 132         |   9223372036854775807.000800000000000000
 133         |   9223372036854775807.490000000000000000
 134         |   9223372036854775807.500000000000000000
 135         |   9223372036854775807.900000000000000000
 136         |  -9223372036854775807.000000000000000000
 137         |  -9223372036854775807.100000000000000000
 138         |  -9223372036854775807.000800000000000000
 139         |  -9223372036854775807.490000000000000000
 140         |  -9223372036854775807.500000000000000000
 141         |  -9223372036854775808.000000000000000000
 142         |  -9223372036854775808.000000000000000000
 143         |  -9223372036854775808.100000000000000000
 144         |   9223372036854775808.000000000000000000
 145         |   9223372036854775808.100000000000000000
 146         |   9223372036854775808.000800000000000000
 147         |   9223372036854775808.490000000000000000
 148         |   9223372036854775808.500000000000000000
 149         |   9223372036854775808.900000000000000000
 150         |   9223372036854775809.000000000000000000
 151         |   9223372036854775809.100000000000000000
 152         |  -9223372036854775808.000000000000000000
 153         |  -9223372036854775808.100000000000000000
 154         |  -9223372036854775808.000800000000000000
 155         |  -9223372036854775808.490000000000000000
 156         |  -9223372036854775808.500000000000000000
 157         |  -9223372036854775808.999999900000000000
 158         |   9223372036854775809.000000000000000000
 159         |   9223372036854775809.100000000000000000
 160         |  -9223372036854775809.000000000000000000
 161         |  -9223372036854775809.100000000000000000
 162         |                                         
 163         |                                         
 164         |                                         
 165         |                                         
 166         |                                         
 167         |                                         
 168         |                                         
 169         |                                         
 170         |                                         
 171         |                                         
 172         |                                         
 173         |                                         
 174         |                                         
 175         |                                         
 176         |  18446744073709551616.000000000000000000
 177         | -18446744073709551616.000000000000000000
 178         |                                         
 179         |                                         
 180         |                     0.999999999999999000
 181         |                    -0.999999999999999000
 182         |                     0.000000000000000100
 183         |                    -0.000000000000000100
 184         |                     0.999999999999999900
 185         |                    -0.999999999999999900
 186         |                     0.000000000000000010
 187         |                    -0.000000000000000010
 188         |                     0.000000000000000000
 189         |                     0.000000000000000000
 190         |                     1.000000000000000000
 191         |                    -1.000000000000000000
 192         |                     0.000000000000000000
 193         |                     0.000000000000000000
 194         |                     0.000000000000000000
 195         |                     0.000000000000000000
 196         |                     1.000000000000000000
 197         |                    -1.000000000000000000
 198         |                     0.000000000000000000
 199         |                     0.000000000000000000
 200         |                     0.000000000000000000
 201         |                     0.000000000000000000
 202         |                     0.000000000000000000
 203         |                     0.000000000000000000
 204         |                     0.340282366920938463
 205         |                    -0.340282366920938463
 206         |                     0.000000000000000000
 207         |                     0.000000000000000000
 208         |                     0.000000000000000000
 209         |                     0.000000000000000000
 210         |                   234.790000000000000000
 211         |                342348.343000000000000000
 212         |                    12.250000000000000000
 213         |                   -12.250000000000000000
 214         |     72057594037927935.000000000000000000
 215         |    -72057594037927935.000000000000000000
 216         |     72057594037927936.000000000000000000
 217         |    -72057594037927936.000000000000000000
 218         |                                         
 219         |                                         
 220         |                                         
 221         |                                         
 222         |  54216721532321902598.700000000000000000
 223         |                  -906.625452070023741503
 224         |                    -0.070935106107200000
 225         |      1460849063411925.530000000000000000
 226         |                     0.000000000000000000
 227         |                     0.000000000000000000
 228         |                    -0.388239365180000000
 229         |                     0.000000000000000000
 230         |                     0.000000000000000000
 231         |                                         
 232         |          299999448432.001342152474197000
 233         |                                         
 234         |                                         
 235         |                                         
 236         |                     1.000000000000000000
 237         |                     5.340000000000000000
 238         |                     0.000000000000000000
 239         |                     0.400000000000000000
 240         |                    -0.400000000000000000
 241         |                     0.500000000000000000
 242         |                    -0.500000000000000000
 243         |                     0.600000000000000000
 244         |                    -0.600000000000000000
 245         |                     1.400000000000000000
 246         |                    -1.400000000000000000
 247         |                     1.500000000000000000
 248         |                    -1.500000000000000000
 249         |                     1.600000000000000000
 250         |                    -1.600000000000000000
 251         |                     2.400000000000000000
 252         |                    -2.400000000000000000
 253         |                     2.490000000000000000
 254         |                    -2.490000000000000000
 255         |                     2.500000000000000000
 256         |                    -2.500000000000000000
 257         |                     2.510000000000000000
 258         |                    -2.510000000000000000
 259         |                    -2.500000000000000000
 260         |                     2.600000000000000000
 261         |                    -2.600000000000000000
 262         |                     3.000014159260000000
 263         |                     0.000000000000000000
 264         |                   -12.250000000000000000
 265         |                   234.790000000000000000
(265 rows)

